OneSidedDoubleExpGlitch 10780988.0 3352.537765918556 7.0 11.0
OneSidedDoubleExpGlitch 10775837.0 4851.925333200414 19.0 11.0
OneSidedDoubleExpGlitch 10657281.0 4996.95364772604 16.0 7.0
OneSidedDoubleExpGlitch 10709937.0 2362.262530363852 10.0 13.0
OneSidedDoubleExpGlitch 10731544.0 1955.623093172438 15.0 14.0
OneSidedDoubleExpGlitch 10450088.0 4191.283960003351 5.0 5.0
OneSidedDoubleExpGlitch 10464908.0 4327.991811022115 13.0 6.0
OneSidedDoubleExpGlitch 10720504.0 1547.7666187340978 5.0 18.0
OneSidedDoubleExpGlitch 10762393.0 1663.4324582752893 8.0 19.0
OneSidedDoubleExpGlitch 10515195.0 2950.1271609915793 19.0 17.0
OneSidedDoubleExpGlitch 10660450.0 782.8959120296598 10.0 13.0
OneSidedDoubleExpGlitch 10793409.0 624.4329709762975 11.0 6.0
OneSidedDoubleExpGlitch 10446851.0 4787.029767119287 5.0 6.0
OneSidedDoubleExpGlitch 10396625.0 537.3539600569243 15.0 17.0
OneSidedDoubleExpGlitch 10439191.0 3196.793195361771 12.0 14.0
OneSidedDoubleExpGlitch 10778766.0 3564.246055070274 9.0 7.0
OneSidedDoubleExpGlitch 10728571.0 4071.5040701869275 6.0 19.0
OneSidedDoubleExpGlitch 10514466.0 2335.77575642453 9.0 14.0
OneSidedDoubleExpGlitch 10707041.0 4094.9442938029565 15.0 17.0
OneSidedDoubleExpGlitch 10626814.0 3841.536675709038 11.0 15.0
OneSidedDoubleExpGlitch 10384336.0 4699.700911886889 13.0 10.0
OneSidedDoubleExpGlitch 10702481.0 4345.070599539142 13.0 17.0
OneSidedDoubleExpGlitch 10386116.0 4879.2241979569035 10.0 15.0
OneSidedDoubleExpGlitch 10759687.0 478.9739439728417 16.0 9.0
OneSidedDoubleExpGlitch 10403671.0 3268.5785638778116 11.0 8.0
OneSidedDoubleExpGlitch 10540151.0 1203.3528944287418 7.0 17.0
OneSidedDoubleExpGlitch 10756138.0 4836.7810768086365 15.0 7.0
OneSidedDoubleExpGlitch 10682376.0 649.5685298864828 8.0 17.0
OneSidedDoubleExpGlitch 10374499.0 4309.884864970636 18.0 10.0
OneSidedDoubleExpGlitch 10423962.0 472.51222223104935 16.0 18.0
OneSidedDoubleExpGlitch 10612739.0 4437.553118830819 19.0 6.0
OneSidedDoubleExpGlitch 10613312.0 3703.6783088079715 15.0 16.0
OneSidedDoubleExpGlitch 10509700.0 470.95591495443 14.0 5.0
OneSidedDoubleExpGlitch 10612181.0 2028.3303081408444 14.0 14.0
OneSidedDoubleExpGlitch 10745636.0 3490.2683441886356 17.0 13.0
OneSidedDoubleExpGlitch 10675715.0 894.5711209643761 6.0 12.0
OneSidedDoubleExpGlitch 10393971.0 3312.1495766606713 14.0 7.0
OneSidedDoubleExpGlitch 10398525.0 561.752317954046 11.0 11.0
OneSidedDoubleExpGlitch 10642328.0 3334.701528268851 19.0 16.0
OneSidedDoubleExpGlitch 10628677.0 357.57177293599193 13.0 13.0
OneSidedDoubleExpGlitch 10743964.0 4461.952209642322 17.0 8.0
OneSidedDoubleExpGlitch 10579283.0 3910.7256421655493 10.0 13.0
OneSidedDoubleExpGlitch 10478848.0 1877.6483718921656 6.0 9.0
OneSidedDoubleExpGlitch 10696060.0 3950.9144524521844 14.0 19.0
OneSidedDoubleExpGlitch 10420520.0 3826.6790260300327 12.0 12.0
OneSidedDoubleExpGlitch 10417230.0 4319.997787095091 13.0 5.0
OneSidedDoubleExpGlitch 10779633.0 2115.69012649029 8.0 17.0
OneSidedDoubleExpGlitch 10521653.0 1949.2025572437121 9.0 13.0
OneSidedDoubleExpGlitch 10478281.0 4558.756638027031 16.0 19.0
OneSidedDoubleExpGlitch 10641116.0 2397.0182844732967 15.0 10.0
OneSidedDoubleExpGlitch 10495757.0 2314.4981501866396 15.0 17.0
OneSidedDoubleExpGlitch 10593803.0 520.7866633917029 7.0 11.0
OneSidedDoubleExpGlitch 10656016.0 4869.298258708471 14.0 13.0
OneSidedDoubleExpGlitch 10676598.0 238.32214677597705 18.0 14.0
OneSidedDoubleExpGlitch 10610286.0 447.00350403875666 17.0 10.0
OneSidedDoubleExpGlitch 10630471.0 4939.800958251277 5.0 10.0
OneSidedDoubleExpGlitch 10397399.0 4936.24233557659 18.0 19.0
OneSidedDoubleExpGlitch 10544617.0 4991.175513628471 18.0 13.0
OneSidedDoubleExpGlitch 10595902.0 715.6219354166498 14.0 11.0
OneSidedDoubleExpGlitch 10685994.0 3944.4000816116977 11.0 19.0
OneSidedDoubleExpGlitch 10572682.0 2796.049084516805 10.0 17.0
OneSidedDoubleExpGlitch 10555043.0 1649.0187568257088 9.0 13.0
OneSidedDoubleExpGlitch 10550270.0 1203.3298688182558 6.0 19.0
OneSidedDoubleExpGlitch 10570952.0 1107.6730880146279 16.0 10.0
OneSidedDoubleExpGlitch 10519710.0 4205.396541232252 19.0 19.0
OneSidedDoubleExpGlitch 10778216.0 477.3541486077765 9.0 7.0
OneSidedDoubleExpGlitch 10740601.0 4146.056260835418 13.0 9.0
OneSidedDoubleExpGlitch 10404188.0 3627.524096541711 10.0 14.0
OneSidedDoubleExpGlitch 10434433.0 2384.813972160899 7.0 16.0
OneSidedDoubleExpGlitch 10581584.0 4478.671380526627 13.0 19.0
OneSidedDoubleExpGlitch 10592787.0 3838.979436727615 9.0 9.0
OneSidedDoubleExpGlitch 10604240.0 3754.0950958532017 19.0 6.0
OneSidedDoubleExpGlitch 10751480.0 4822.8324203576985 15.0 11.0
OneSidedDoubleExpGlitch 10590112.0 755.148128051866 11.0 17.0
OneSidedDoubleExpGlitch 10662764.0 745.5174943689647 10.0 5.0
OneSidedDoubleExpGlitch 10387996.0 4934.010567097591 10.0 14.0
OneSidedDoubleExpGlitch 10419873.0 1657.9549739007612 13.0 12.0
OneSidedDoubleExpGlitch 10606309.0 4550.719717451461 13.0 18.0
OneSidedDoubleExpGlitch 10445226.0 4838.281648736308 9.0 8.0
OneSidedDoubleExpGlitch 10721256.0 1633.1120368154723 14.0 17.0
OneSidedDoubleExpGlitch 10637868.0 3652.864390724165 9.0 15.0
OneSidedDoubleExpGlitch 10591535.0 3181.444246863039 16.0 10.0
OneSidedDoubleExpGlitch 10706463.0 3926.5827257782653 9.0 14.0
OneSidedDoubleExpGlitch 10443805.0 4533.470163481241 16.0 13.0
OneSidedDoubleExpGlitch 10652300.0 3000.123591638701 15.0 5.0
OneSidedDoubleExpGlitch 10499556.0 652.6997576832712 15.0 7.0
OneSidedDoubleExpGlitch 10490313.0 952.2442130849353 6.0 7.0
OneSidedDoubleExpGlitch 10481694.0 386.06528026205365 11.0 10.0
OneSidedDoubleExpGlitch 10787088.0 4130.422252558024 11.0 5.0
OneSidedDoubleExpGlitch 10632373.0 261.24480009711783 8.0 15.0
OneSidedDoubleExpGlitch 10531571.0 4950.669687633939 18.0 8.0
OneSidedDoubleExpGlitch 10391530.0 3774.0414595304924 17.0 16.0
OneSidedDoubleExpGlitch 10419082.0 2295.3557991601233 19.0 14.0
OneSidedDoubleExpGlitch 10635103.0 2451.3961815663174 15.0 19.0
OneSidedDoubleExpGlitch 10719915.0 3607.3102637194925 17.0 18.0
OneSidedDoubleExpGlitch 10523087.0 4538.2201748217685 6.0 12.0
OneSidedDoubleExpGlitch 10527129.0 4421.1469265445685 11.0 17.0
OneSidedDoubleExpGlitch 10571971.0 3659.205930043291 14.0 5.0
OneSidedDoubleExpGlitch 10750676.0 2756.4569152750664 13.0 8.0
OneSidedDoubleExpGlitch 10685129.0 4146.351756553856 15.0 10.0
OneSidedDoubleExpGlitch 10480620.0 4994.34548967891 9.0 17.0
OneSidedDoubleExpGlitch 10506487.0 2824.088810698091 19.0 18.0
OneSidedDoubleExpGlitch 10789041.0 4281.691015825792 9.0 13.0
OneSidedDoubleExpGlitch 10673458.0 1198.615311771154 8.0 11.0
OneSidedDoubleExpGlitch 10597441.0 4516.27729367835 13.0 14.0
OneSidedDoubleExpGlitch 10607111.0 2987.5828509163443 9.0 9.0
OneSidedDoubleExpGlitch 10543536.0 914.5580063426198 11.0 10.0
OneSidedDoubleExpGlitch 10511598.0 629.4572898807129 8.0 6.0
OneSidedDoubleExpGlitch 10525770.0 1719.6562735132927 17.0 18.0
OneSidedDoubleExpGlitch 10452370.0 1283.3879346490603 16.0 6.0
OneSidedDoubleExpGlitch 10713887.0 2565.8006991540647 12.0 14.0
OneSidedDoubleExpGlitch 10649356.0 3803.412379269841 14.0 18.0
OneSidedDoubleExpGlitch 10466943.0 1400.25928265631 10.0 14.0
OneSidedDoubleExpGlitch 10620947.0 2682.6780014039646 5.0 6.0
OneSidedDoubleExpGlitch 10500921.0 1044.6113820708897 19.0 14.0
OneSidedDoubleExpGlitch 10636365.0 2110.6451207999953 12.0 15.0
OneSidedDoubleExpGlitch 10469982.0 4942.963146171509 8.0 11.0
OneSidedDoubleExpGlitch 10423145.0 1693.4751470328229 16.0 8.0
OneSidedDoubleExpGlitch 10765408.0 2209.5986646396263 11.0 6.0
OneSidedDoubleExpGlitch 10643791.0 2329.8170605386954 14.0 12.0
OneSidedDoubleExpGlitch 10378877.0 3567.8797839520857 7.0 13.0
OneSidedDoubleExpGlitch 10624725.0 3786.008339741471 14.0 17.0
OneSidedDoubleExpGlitch 10615120.0 4159.478891216726 14.0 9.0
OneSidedDoubleExpGlitch 10426553.0 522.4912895030371 13.0 17.0
OneSidedDoubleExpGlitch 10371937.0 2919.242760440834 6.0 10.0
OneSidedDoubleExpGlitch 10647295.0 2449.6491571467523 11.0 18.0
OneSidedDoubleExpGlitch 10524472.0 885.8841421972335 8.0 6.0
OneSidedDoubleExpGlitch 10564367.0 3371.1750456927043 6.0 9.0
OneSidedDoubleExpGlitch 10683006.0 1497.9733008623828 5.0 6.0
OneSidedDoubleExpGlitch 10491873.0 4435.15531900443 6.0 5.0
OneSidedDoubleExpGlitch 10629352.0 4273.232115904779 11.0 9.0
OneSidedDoubleExpGlitch 10556643.0 1749.9228997800983 10.0 10.0
OneSidedDoubleExpGlitch 10742984.0 1944.9193618115373 9.0 7.0
OneSidedDoubleExpGlitch 10371419.0 2278.0007364121298 11.0 8.0
OneSidedDoubleExpGlitch 10449538.0 558.8385531463193 17.0 19.0
OneSidedDoubleExpGlitch 10501513.0 4782.778730774531 13.0 10.0
OneSidedDoubleExpGlitch 10435036.0 1041.4898205757686 16.0 13.0
OneSidedDoubleExpGlitch 10508528.0 1132.2242886719264 16.0 5.0
OneSidedDoubleExpGlitch 10622457.0 3741.5644105132187 18.0 16.0
OneSidedDoubleExpGlitch 10488223.0 2982.4278487015335 5.0 12.0
OneSidedDoubleExpGlitch 10415925.0 2539.7153499529254 6.0 17.0
OneSidedDoubleExpGlitch 10770034.0 3901.1832701033495 7.0 11.0
OneSidedDoubleExpGlitch 10639071.0 2372.4004911640136 5.0 10.0
OneSidedDoubleExpGlitch 10712855.0 831.764501201485 15.0 9.0
OneSidedDoubleExpGlitch 10774558.0 2961.594242147472 6.0 19.0
OneSidedDoubleExpGlitch 10590880.0 4802.760983507498 12.0 8.0
OneSidedDoubleExpGlitch 10465637.0 3972.5016556459664 5.0 17.0
OneSidedDoubleExpGlitch 10463128.0 1610.883570364013 12.0 8.0
OneSidedDoubleExpGlitch 10625527.0 1851.3987749558992 6.0 17.0
OneSidedDoubleExpGlitch 10559653.0 3640.000528180335 11.0 6.0
OneSidedDoubleExpGlitch 10408754.0 2312.218612854024 16.0 8.0
OneSidedDoubleExpGlitch 10686517.0 4341.7100645034225 16.0 8.0
OneSidedDoubleExpGlitch 10451098.0 1970.6449179239823 7.0 8.0
OneSidedDoubleExpGlitch 10790738.0 1132.4380683820618 13.0 9.0
OneSidedDoubleExpGlitch 10739315.0 1968.1196559940602 6.0 5.0
OneSidedDoubleExpGlitch 10431251.0 1044.760412334058 14.0 7.0
OneSidedDoubleExpGlitch 10690297.0 3263.1378884884193 18.0 8.0
OneSidedDoubleExpGlitch 10381362.0 3330.3459758945683 13.0 17.0
OneSidedDoubleExpGlitch 10674505.0 1412.2826124247833 9.0 7.0
OneSidedDoubleExpGlitch 10526439.0 1109.242788792989 15.0 18.0
OneSidedDoubleExpGlitch 10736532.0 4675.803067767081 6.0 12.0
OneSidedDoubleExpGlitch 10503669.0 4075.874104474271 11.0 13.0
OneSidedDoubleExpGlitch 10553447.0 820.4119871100364 6.0 12.0
OneSidedDoubleExpGlitch 10457412.0 909.5278099675559 12.0 12.0
OneSidedDoubleExpGlitch 10640346.0 3869.344078507513 13.0 16.0
OneSidedDoubleExpGlitch 10680213.0 3413.3416410371424 14.0 16.0
OneSidedDoubleExpGlitch 10785535.0 2202.700285276823 14.0 10.0
OneSidedDoubleExpGlitch 10633772.0 4095.866168811234 7.0 10.0
OneSidedDoubleExpGlitch 10587874.0 894.1461449520434 19.0 5.0
OneSidedDoubleExpGlitch 10623129.0 2793.3024386676184 7.0 10.0
OneSidedDoubleExpGlitch 10741869.0 2493.562777114422 10.0 12.0
OneSidedDoubleExpGlitch 10672749.0 1507.7740450373458 7.0 5.0
OneSidedDoubleExpGlitch 10394500.0 1735.3050319989288 16.0 19.0
OneSidedDoubleExpGlitch 10692906.0 3833.4669580003642 8.0 5.0
OneSidedDoubleExpGlitch 10726304.0 4937.660547117339 13.0 11.0
OneSidedDoubleExpGlitch 10447531.0 4707.8587157144675 11.0 5.0
OneSidedDoubleExpGlitch 10432556.0 4976.3857301936705 11.0 17.0
OneSidedDoubleExpGlitch 10619816.0 721.9832379023416 11.0 6.0
OneSidedDoubleExpGlitch 10618125.0 3224.6448492328504 11.0 10.0
OneSidedDoubleExpGlitch 10566756.0 484.5734409596031 11.0 11.0
OneSidedDoubleExpGlitch 10668905.0 152.95483574549948 16.0 15.0
OneSidedDoubleExpGlitch 10385205.0 1711.9689230016163 8.0 6.0
OneSidedDoubleExpGlitch 10561691.0 3750.939414919854 10.0 11.0
OneSidedDoubleExpGlitch 10758829.0 2812.8100323977283 18.0 17.0
OneSidedDoubleExpGlitch 10520719.0 3032.259839398908 16.0 6.0
OneSidedDoubleExpGlitch 10767657.0 2852.5982490388374 17.0 8.0
OneSidedDoubleExpGlitch 10387190.0 1414.7014421489428 6.0 13.0
OneSidedDoubleExpGlitch 10570273.0 3850.493224377556 19.0 16.0
OneSidedDoubleExpGlitch 10734869.0 4266.055751628252 18.0 15.0
OneSidedDoubleExpGlitch 10773268.0 3558.867336784434 10.0 19.0
OneSidedDoubleExpGlitch 10797618.0 1350.2666837640156 16.0 18.0
OneSidedDoubleExpGlitch 10519065.0 3177.9308620722522 15.0 13.0
OneSidedDoubleExpGlitch 10464319.0 2568.004049177955 17.0 13.0
OneSidedDoubleExpGlitch 10548793.0 4433.001997861896 9.0 16.0
OneSidedDoubleExpGlitch 10701289.0 2413.097137291329 12.0 17.0
OneSidedDoubleExpGlitch 10577188.0 2161.465692709846 18.0 11.0
OneSidedDoubleExpGlitch 10585331.0 4726.504150611928 10.0 7.0
OneSidedDoubleExpGlitch 10760801.0 1131.8306263025593 18.0 10.0
OneSidedDoubleExpGlitch 10783489.0 3977.3267743073475 18.0 18.0
OneSidedDoubleExpGlitch 10653198.0 3243.7186360302735 19.0 19.0
OneSidedDoubleExpGlitch 10456690.0 1575.5668374743657 9.0 5.0
OneSidedDoubleExpGlitch 10528795.0 3934.1117962742896 19.0 7.0
OneSidedDoubleExpGlitch 10727500.0 2687.781566728891 15.0 14.0
OneSidedDoubleExpGlitch 10708389.0 3252.897731929394 14.0 8.0
OneSidedDoubleExpGlitch 10785033.0 1818.3556602258952 7.0 11.0
OneSidedDoubleExpGlitch 10414880.0 3301.8695231955676 18.0 12.0
OneSidedDoubleExpGlitch 10777317.0 1910.145859185578 17.0 10.0
OneSidedDoubleExpGlitch 10372934.0 4331.95310372422 16.0 17.0
OneSidedDoubleExpGlitch 10547886.0 4236.987917769221 6.0 14.0
OneSidedDoubleExpGlitch 10460804.0 3838.465586240776 7.0 5.0
OneSidedDoubleExpGlitch 10424473.0 389.5121179866838 11.0 13.0
OneSidedDoubleExpGlitch 10455646.0 1922.1244531008717 6.0 17.0
OneSidedDoubleExpGlitch 10481130.0 3161.2865423668727 6.0 15.0
OneSidedDoubleExpGlitch 10746722.0 3132.985949524113 18.0 16.0
OneSidedDoubleExpGlitch 10607765.0 4031.4884017892036 6.0 15.0
OneSidedDoubleExpGlitch 10687673.0 3713.8684758889062 14.0 17.0
OneSidedDoubleExpGlitch 10617317.0 2525.90317709944 13.0 17.0
OneSidedDoubleExpGlitch 10512286.0 3570.9657848417164 11.0 13.0
OneSidedDoubleExpGlitch 10567394.0 4487.54442842823 11.0 7.0
OneSidedDoubleExpGlitch 10430747.0 2311.9457066143164 18.0 18.0
OneSidedDoubleExpGlitch 10755495.0 3073.5223792407883 15.0 11.0
OneSidedDoubleExpGlitch 10380854.0 521.2240232260294 6.0 11.0
OneSidedDoubleExpGlitch 10576135.0 1116.8538883516903 5.0 6.0
OneSidedDoubleExpGlitch 10641816.0 955.6189569306234 5.0 13.0
OneSidedDoubleExpGlitch 10595258.0 1283.7587618828534 11.0 6.0
OneSidedDoubleExpGlitch 10688766.0 2465.4728488583532 14.0 16.0
OneSidedDoubleExpGlitch 10406191.0 385.9368836265735 14.0 7.0
OneSidedDoubleExpGlitch 10535967.0 2257.271398091228 6.0 8.0
OneSidedDoubleExpGlitch 10598998.0 152.1191713637245 5.0 9.0
OneSidedDoubleExpGlitch 10522384.0 2742.767447325262 15.0 6.0
OneSidedDoubleExpGlitch 10666299.0 3405.930674512923 9.0 16.0
OneSidedDoubleExpGlitch 10513733.0 1824.9205650648207 18.0 16.0
OneSidedDoubleExpGlitch 10414056.0 2276.4253323625867 8.0 16.0
OneSidedDoubleExpGlitch 10586604.0 1763.3244861264632 14.0 17.0
OneSidedDoubleExpGlitch 10726993.0 2450.7014696480132 16.0 15.0
OneSidedDoubleExpGlitch 10735716.0 4792.986807780373 9.0 18.0
OneSidedDoubleExpGlitch 10749307.0 3073.127860970134 9.0 10.0
OneSidedDoubleExpGlitch 10439745.0 4632.741351631628 7.0 6.0
OneSidedDoubleExpGlitch 10507284.0 3123.3824552989704 9.0 19.0
OneSidedDoubleExpGlitch 10386669.0 2920.2275039458154 9.0 15.0
