GWFRED 10399988.0 4.812288582197271e-11 8.0 17.0
GWFRED 10392519.0 1.4834194387239447e-11 10.0 14.0
GWFRED 10370481.0 2.4904916453649067e-11 18.0 10.0
GWFRED 10401052.0 2.2993964740221367e-11 19.0 10.0
GWFRED 10410507.0 1.75427867079477e-11 18.0 19.0
GWFRED 10605196.0 1.948360837459552e-11 6.0 19.0
GWFRED 10569262.0 4.2876232764108744e-11 18.0 10.0
GWFRED 10697476.0 1.111956545441122e-11 5.0 17.0
GWFRED 10611542.0 1.6826884740036204e-11 8.0 19.0
GWFRED 10634402.0 2.7659786311334346e-11 11.0 14.0
GWFRED 10541142.0 4.1543611275307256e-11 14.0 10.0
GWFRED 10539521.0 2.665177033138029e-11 12.0 8.0
GWFRED 10542332.0 1.0741450447124779e-11 13.0 5.0
GWFRED 10714973.0 3.048306351047489e-11 12.0 18.0
GWFRED 10461751.0 2.7240141193785843e-11 7.0 17.0
GWFRED 10535318.0 4.684768026934136e-11 11.0 18.0
GWFRED 10600364.0 4.9658079101206274e-11 18.0 10.0
GWFRED 10536596.0 1.4599538613246094e-11 5.0 16.0
GWFRED 10687144.0 4.3779665524539205e-11 9.0 6.0
GWFRED 10614191.0 3.1550494523378756e-11 9.0 8.0
GWFRED 10517386.0 4.858915305879018e-11 12.0 5.0
GWFRED 10565580.0 2.8437330895043373e-11 8.0 16.0
GWFRED 10471002.0 2.1212822528589257e-11 7.0 5.0
GWFRED 10483265.0 3.5662957273592835e-11 5.0 19.0
GWFRED 10657971.0 3.0857747568834067e-11 7.0 15.0
GWFRED 10369228.0 4.0371380406361885e-11 12.0 19.0
GWFRED 10582667.0 1.498406014186761e-11 13.0 8.0
GWFRED 10454886.0 2.975430036452143e-11 9.0 9.0
GWFRED 10443268.0 3.363238824698738e-11 15.0 9.0
GWFRED 10502782.0 3.6367874915539684e-11 16.0 13.0
GWFRED 10631873.0 2.307634491542181e-11 11.0 17.0
GWFRED 10586101.0 2.864122812933271e-11 13.0 13.0
GWFRED 10609725.0 1.8087461588334344e-11 6.0 14.0
GWFRED 10669783.0 3.8534695011387005e-11 9.0 7.0
GWFRED 10431962.0 2.479809777350586e-11 14.0 19.0
GWFRED 10411319.0 4.15548831538747e-11 16.0 18.0
GWFRED 10671365.0 1.4554916702841956e-11 13.0 9.0
GWFRED 10594680.0 3.669649413815405e-11 7.0 8.0
GWFRED 10724770.0 2.3159222707592576e-11 5.0 7.0
GWFRED 10788248.0 2.206243980092622e-11 10.0 10.0
GWFRED 10624107.0 4.5670449340907926e-11 10.0 5.0
GWFRED 10799239.0 3.8115069809611164e-11 6.0 17.0
GWFRED 10406809.0 2.743586169399736e-11 14.0 15.0
GWFRED 10782392.0 1.3424800230252232e-11 5.0 16.0
GWFRED 10711301.0 4.265358197241191e-11 12.0 16.0
GWFRED 10537568.0 3.6878338542030385e-11 14.0 16.0
GWFRED 10494388.0 2.957616219605742e-11 17.0 5.0
GWFRED 10694991.0 4.495052767582125e-11 8.0 7.0
GWFRED 10615907.0 3.876621621354504e-11 18.0 18.0
GWFRED 10732858.0 4.612453389885401e-11 17.0 19.0
GWFRED 10599727.0 2.7559609726905695e-11 13.0 7.0
GWFRED 10458917.0 2.5559169440665833e-11 6.0 5.0
GWFRED 10496822.0 2.2868612594834523e-11 16.0 9.0
GWFRED 10484377.0 1.3493411517963736e-11 7.0 12.0
GWFRED 10485642.0 4.394229002209288e-11 8.0 10.0
GWFRED 10667077.0 4.087655073207821e-11 18.0 12.0
GWFRED 10518310.0 1.4494997035934221e-11 8.0 19.0
GWFRED 10436697.0 2.0247011961494027e-11 16.0 12.0
GWFRED 10405171.0 3.500992686354248e-11 19.0 17.0
GWFRED 10789913.0 4.975618620395208e-11 5.0 9.0
GWFRED 10564901.0 1.197033737674794e-11 5.0 12.0
GWFRED 10498620.0 1.1941576107164478e-11 12.0 19.0
GWFRED 10773852.0 2.642469541588245e-11 7.0 19.0
GWFRED 10407434.0 4.9212376392097536e-11 16.0 19.0
GWFRED 10671992.0 3.191805061433412e-11 16.0 17.0
GWFRED 10794589.0 4.0784733547660657e-11 17.0 18.0
GWFRED 10580614.0 1.8973695878673663e-11 5.0 5.0
GWFRED 10683974.0 3.075608721986139e-11 8.0 18.0
GWFRED 10769157.0 2.4337252698131842e-11 13.0 5.0
GWFRED 10691412.0 1.9562750996686773e-11 6.0 13.0
GWFRED 10413397.0 2.8857297769181934e-11 13.0 11.0
GWFRED 10418266.0 2.509215802151803e-11 6.0 13.0
GWFRED 10474188.0 1.9242355667883112e-11 13.0 10.0
GWFRED 10718807.0 2.9994269562967e-11 10.0 19.0
GWFRED 10753094.0 1.1266510969483975e-11 13.0 15.0
GWFRED 10399087.0 3.6775538562482097e-11 7.0 18.0
GWFRED 10712331.0 1.4701827185663457e-11 5.0 8.0
GWFRED 10667945.0 4.7952638896946354e-11 9.0 7.0
GWFRED 10776383.0 4.1595106854340477e-11 15.0 17.0
GWFRED 10523668.0 3.2386837075859087e-11 13.0 7.0
GWFRED 10504542.0 3.2601311926165384e-11 15.0 15.0
GWFRED 10729775.0 1.9653636249760132e-11 16.0 15.0
GWFRED 10425999.0 2.8423436569086222e-11 8.0 15.0
GWFRED 10493309.0 4.373190789346723e-11 6.0 8.0
GWFRED 10489678.0 1.731218902754094e-11 5.0 19.0
GWFRED 10716917.0 2.5518928960186816e-11 12.0 9.0
GWFRED 10508013.0 4.9118888551609274e-11 7.0 11.0
GWFRED 10753808.0 1.3008964662805398e-11 10.0 15.0
GWFRED 10763893.0 1.3359723775040395e-11 10.0 10.0
GWFRED 10758234.0 1.9976409321983307e-11 18.0 16.0
GWFRED 10479671.0 3.3988216498227454e-11 9.0 14.0
GWFRED 10703558.0 1.8468115070818434e-11 11.0 13.0
GWFRED 10744674.0 3.8407299723427333e-11 10.0 19.0
GWFRED 10618923.0 3.590169302594918e-11 7.0 12.0
GWFRED 10616575.0 1.0856287848827906e-11 9.0 16.0
GWFRED 10658678.0 4.2813145473648095e-11 10.0 8.0
GWFRED 10603265.0 4.057175179607109e-11 13.0 18.0
GWFRED 10433636.0 2.1909327194983787e-11 5.0 16.0
GWFRED 10448107.0 2.8037278837890346e-11 18.0 9.0
GWFRED 10528256.0 2.2859155339937675e-11 19.0 6.0
GWFRED 10707877.0 1.2769185164671812e-11 10.0 17.0
GWFRED 10601469.0 3.376620022062805e-11 12.0 17.0
GWFRED 10646092.0 3.1813215814517504e-11 11.0 10.0
GWFRED 10472694.0 4.012308572298874e-11 15.0 8.0
GWFRED 10558801.0 3.688639156996837e-11 10.0 14.0
GWFRED 10659670.0 1.1312074008187509e-11 7.0 11.0
GWFRED 10530591.0 3.655419360912719e-11 7.0 10.0
GWFRED 10651461.0 4.551186424717922e-11 6.0 7.0
GWFRED 10453519.0 4.576575051370714e-11 5.0 19.0
GWFRED 10388785.0 2.7501811007777515e-11 15.0 19.0
GWFRED 10546234.0 1.7746351387917438e-11 18.0 6.0
GWFRED 10467593.0 2.2371921581777696e-11 12.0 19.0
GWFRED 10733845.0 4.7985407637615585e-11 19.0 7.0
GWFRED 10710671.0 3.588907060717415e-11 7.0 11.0
GWFRED 10562883.0 3.140745208017044e-11 16.0 16.0
GWFRED 10693535.0 3.6215670670795035e-11 9.0 17.0
GWFRED 10550911.0 1.521653710798373e-11 14.0 6.0
GWFRED 10696779.0 2.463218704529005e-11 17.0 9.0
GWFRED 10438605.0 1.487988768645954e-11 9.0 6.0
GWFRED 10709001.0 1.058646216661264e-11 17.0 14.0
GWFRED 10717967.0 3.862402010177286e-11 10.0 17.0
GWFRED 10692390.0 3.820851682979605e-11 18.0 13.0
GWFRED 10556129.0 1.634804333383615e-11 10.0 6.0
GWFRED 10600866.0 3.641359744870045e-11 19.0 7.0
GWFRED 10665621.0 2.4899101995927064e-11 9.0 17.0
GWFRED 10574707.0 2.0806637964449608e-11 9.0 11.0
GWFRED 10430037.0 1.413631170645435e-11 9.0 9.0
GWFRED 10681171.0 1.4480670205859551e-11 12.0 6.0
GWFRED 10462572.0 4.156132350253334e-11 9.0 19.0
GWFRED 10513129.0 1.6096721735666693e-11 8.0 6.0
GWFRED 10393471.0 4.7366204089467125e-11 7.0 9.0
GWFRED 10438012.0 3.9839665748521425e-11 17.0 6.0
GWFRED 10560495.0 4.2268741675121025e-11 6.0 16.0
GWFRED 10482445.0 3.6607233322706966e-11 9.0 12.0
GWFRED 10563723.0 3.5671389390117504e-11 17.0 7.0
GWFRED 10534709.0 2.61868489378514e-11 5.0 7.0
GWFRED 10723175.0 3.0262430296953156e-11 8.0 17.0
GWFRED 10737615.0 4.102757878544939e-11 17.0 5.0
GWFRED 10497836.0 2.04331059732417e-11 10.0 13.0
GWFRED 10422519.0 3.579713042998139e-11 10.0 7.0
GWFRED 10795236.0 1.550974885566317e-11 6.0 6.0
GWFRED 10554275.0 3.089976509518684e-11 11.0 12.0
GWFRED 10402675.0 4.150099632811705e-11 9.0 9.0
GWFRED 10679082.0 2.4831252383002135e-11 18.0 19.0
GWFRED 10730316.0 3.973499183324445e-11 12.0 7.0
GWFRED 10474988.0 4.8183230324892756e-11 9.0 10.0
GWFRED 10408158.0 3.9298646359133e-11 10.0 8.0
GWFRED 10722262.0 2.1018236867733793e-11 17.0 18.0
GWFRED 10771365.0 2.771864936584661e-11 16.0 18.0
GWFRED 10725795.0 1.0717094494096728e-11 5.0 12.0
GWFRED 10761503.0 1.4206313419608673e-11 8.0 19.0
GWFRED 10428631.0 1.3724184424605234e-11 9.0 6.0
GWFRED 10545548.0 3.7864653118928536e-11 15.0 7.0
GWFRED 10602460.0 3.5951343318958947e-11 18.0 12.0
GWFRED 10626266.0 2.7813885709076533e-11 6.0 7.0
GWFRED 10441794.0 2.3407251867862217e-11 5.0 12.0
GWFRED 10380106.0 2.0179645138110208e-11 12.0 12.0
GWFRED 10416493.0 2.338382364478004e-11 8.0 9.0
GWFRED 10757676.0 3.2238657528659734e-11 15.0 16.0
GWFRED 10698812.0 2.3771491063374142e-11 8.0 19.0
GWFRED 10621817.0 2.7058158272317956e-11 6.0 15.0
GWFRED 10654877.0 1.9873732487100484e-11 19.0 9.0
GWFRED 10476357.0 3.585239252007957e-11 5.0 15.0
GWFRED 10635760.0 1.6733708401995013e-11 7.0 17.0
GWFRED 10551973.0 3.520235236402893e-11 19.0 6.0
GWFRED 10421205.0 4.22432077238554e-11 19.0 7.0
GWFRED 10700254.0 4.9376753768449375e-11 13.0 13.0
GWFRED 10632977.0 2.4193268443813472e-11 6.0 18.0
GWFRED 10472040.0 2.4536065637685292e-11 18.0 8.0
GWFRED 10689446.0 3.7130526442407894e-11 5.0 13.0
GWFRED 10390769.0 3.8436568114279094e-11 13.0 12.0
GWFRED 10748311.0 4.801066212829759e-11 18.0 19.0
GWFRED 10463667.0 2.7685642824876154e-11 7.0 5.0
GWFRED 10575609.0 3.3753088119792935e-11 18.0 11.0
GWFRED 10715519.0 4.344689971894839e-11 13.0 15.0
GWFRED 10704911.0 2.973853769572203e-11 9.0 19.0
GWFRED 10383766.0 4.1514481282800194e-11 6.0 7.0
GWFRED 10664773.0 2.5008125767435247e-11 9.0 10.0
GWFRED 10378021.0 1.5521646485335725e-11 8.0 9.0
GWFRED 10644542.0 1.5584001692256694e-11 14.0 19.0
GWFRED 10598375.0 4.173922096010395e-11 12.0 19.0
GWFRED 10645366.0 2.734598147026062e-11 15.0 19.0
GWFRED 10698053.0 2.5929776498267203e-11 12.0 6.0
GWFRED 10412090.0 4.131659858451099e-11 10.0 11.0
GWFRED 10768253.0 2.3433444939403522e-11 6.0 11.0
GWFRED 10699510.0 4.9239864906427755e-11 11.0 14.0
GWFRED 10723692.0 2.865037821174507e-11 18.0 7.0
GWFRED 10425119.0 3.117332017878908e-11 13.0 6.0
GWFRED 10377364.0 2.042017132816522e-11 13.0 13.0
GWFRED 10568398.0 1.1505014356754022e-11 6.0 16.0
GWFRED 10395286.0 1.7695208368347424e-11 17.0 15.0
GWFRED 10460167.0 3.055003247336826e-11 9.0 16.0
GWFRED 10538461.0 1.0538326536642723e-11 12.0 18.0
GWFRED 10648773.0 4.716820064915001e-11 13.0 15.0
GWFRED 10797046.0 1.4879768567330256e-11 12.0 13.0
GWFRED 10552571.0 1.970859692646809e-11 10.0 12.0
GWFRED 10661586.0 3.0401540608420024e-11 15.0 19.0
GWFRED 10529295.0 1.2586777898172464e-11 18.0 9.0
GWFRED 10627340.0 2.355321520432445e-11 8.0 5.0
GWFRED 10670797.0 1.1482314923796885e-11 17.0 16.0
GWFRED 10596853.0 4.933796275986388e-11 15.0 10.0
GWFRED 10752539.0 2.6495817146109753e-11 13.0 19.0
GWFRED 10533950.0 1.2396932563745149e-11 11.0 14.0
GWFRED 10440503.0 1.3210241088327991e-11 10.0 18.0
GWFRED 10754433.0 1.8994785176742473e-11 19.0 9.0
GWFRED 10675064.0 4.6521270053977976e-11 18.0 12.0
GWFRED 10653947.0 2.556476987595016e-11 12.0 7.0
GWFRED 10589215.0 4.210512271531117e-11 11.0 17.0
GWFRED 10791951.0 4.6410268457740933e-11 10.0 10.0
GWFRED 10487003.0 4.030956125491712e-11 6.0 13.0
GWFRED 10381958.0 2.698976994998489e-11 10.0 19.0
GWFRED 10409836.0 3.836286763140353e-11 9.0 15.0
GWFRED 10583464.0 2.1076893412413347e-11 13.0 18.0
GWFRED 10382962.0 4.357742982768726e-11 6.0 9.0
GWFRED 10429495.0 4.020146785212203e-11 15.0 6.0
GWFRED 10427597.0 2.9602557212938445e-11 13.0 8.0
GWFRED 10376267.0 1.4738865900739655e-11 9.0 5.0
GWFRED 10716021.0 4.144351512388469e-11 10.0 9.0
GWFRED 10631245.0 4.086709071991253e-11 9.0 7.0
GWFRED 10442605.0 2.7695628473957355e-11 15.0 5.0
GWFRED 10389760.0 2.453872938487235e-11 11.0 12.0
GWFRED 10677552.0 3.21979259160586e-11 12.0 12.0
GWFRED 10446028.0 1.807426607978713e-11 15.0 18.0
GWFRED 10473375.0 3.5969498527029e-11 17.0 14.0
GWFRED 10770624.0 2.4149601473491212e-11 14.0 19.0
GWFRED 10532201.0 4.747347714214365e-11 16.0 16.0
GWFRED 10772366.0 2.2477717215971284e-11 18.0 11.0
GWFRED 10764730.0 3.79129609620542e-11 15.0 13.0
GWFRED 10704252.0 4.2518091323612406e-11 15.0 6.0
GWFRED 10578327.0 2.1553540168988783e-11 10.0 18.0
GWFRED 10516433.0 2.712527119974502e-11 9.0 7.0
GWFRED 10541775.0 1.4800708680685e-11 6.0 16.0
GWFRED 10502031.0 4.581903329529229e-11 9.0 10.0
GWFRED 10469138.0 1.371582426053565e-11 18.0 11.0
GWFRED 10792706.0 1.4568133153739694e-11 17.0 5.0
GWFRED 10468419.0 2.542747293709858e-11 11.0 13.0
GWFRED 10766464.0 2.1317908288573845e-11 18.0 10.0
GWFRED 10695494.0 4.8035544636004067e-11 5.0 9.0
GWFRED 10561027.0 1.1599211974430301e-11 8.0 9.0
GWFRED 10642871.0 3.8721694319968265e-11 11.0 10.0
GWFRED 10510864.0 2.614207684511769e-11 19.0 17.0
GWFRED 10799741.0 4.318921487910329e-11 10.0 12.0
GWFRED 10375396.0 4.0543315059261666e-11 14.0 17.0
GWFRED 10489017.0 3.356179519368228e-11 18.0 10.0
GWFRED 10729154.0 2.821412634258932e-11 16.0 8.0
GWFRED 10661070.0 4.302330516164957e-11 13.0 8.0
GWFRED 10684601.0 4.588144367784527e-11 18.0 9.0
GWFRED 10491201.0 4.513674237260911e-11 12.0 13.0
GWFRED 10492402.0 4.682012250472792e-11 12.0 8.0
GWFRED 10427083.0 2.7048604606060825e-11 7.0 14.0
GWFRED 10663686.0 4.93714901641744e-11 12.0 10.0
GWFRED 10678525.0 4.192688954427932e-11 10.0 11.0
GWFRED 10784175.0 4.9078967010475485e-11 14.0 11.0
GWFRED 10738304.0 2.2505550814044976e-11 11.0 19.0
GWFRED 10441157.0 3.242228666249971e-11 15.0 16.0
GWFRED 10647835.0 2.946445353292835e-11 19.0 11.0
GWFRED 10574141.0 1.2304073238981035e-11 5.0 14.0
GWFRED 10754940.0 1.2090469023881302e-11 9.0 16.0
GWFRED 10496260.0 1.8068430640990467e-11 13.0 14.0
GWFRED 10646786.0 1.674678268812795e-11 13.0 19.0
