start | end | score
1558 1633 -0.13425779416994582
2204 2279 -0.8496940039098306
4028 4065 -0.844300866542046
5548 5623 -0.5235913243145073
9728 9841 -2.7581715639263416
12008 12121 -2.3488732252381235
14896 14971 -0.22556662032957625
15694 15731 -0.06685394296265783
16872 16909 -0.1954471554020372
19836 19949 -1.215725916571681
24054 24129 -2.118479368406669
25954 26067 -2.239480016726008
29336 29373 -0.3572684234758045
37012 37087 -1.216478079332545
37734 37809 -1.7655096669711046
44384 44459 -0.2165067167420583
44954 45029 -0.34028783421832987
48982 49057 -1.2883811100766953
49552 49627 -1.0864410937124465
50464 50539 -0.22181874708856875
51338 51451 -2.781369081529526
54378 54491 -1.852037862011121
58064 58101 -0.0016907714316105756
58900 58975 -0.3986306051217787
60344 60419 -0.1385717683142638
61484 61597 -2.6975801524836314
68628 68741 -2.089067920125808
69350 69463 -2.3675552498079453
70072 70185 -1.95468365111618
70604 70679 -0.7259482379792555
71820 71895 -0.9065640531240131
73682 73719 -0.2224087800688101
77102 77177 -0.25415032562190587
78242 78317 -0.11730343867265935
81472 81547 -1.7941627984678965
82764 82839 -2.1729223137471463
84512 84549 -2.0021756424147816
