0 4.0371380406361885e-11 isi_12 gw 2.658 2.46 0.038 0.143 2.61 0.506 0.559 0.67 0.569 0.633 0.603 0.715 0.623 0.62 0.704 0.117 0.495 0.67
1 2.4904916453649067e-11 isi_32 gw 2.816 2.253 0.295 0.36 2.943 0.104 0.487 0.694 0.662 0.491 0.702 0.584 0.627 0.218 0.623 0.222 0.36 0.596
2 2278.0007364121298 rfi_23 rfi_23 0.267 0.363 0.148 0.382 0.25 0.322 0.403 0.493 0.004 0.375 0.483 0.212 0.298 23.821 0.071 0.09 0.038 0.403
3 2919.242760440834 isi_31 isi_31 0.214 0.11 21.513 0.14 0.054 0.224 0.219 0.365 0.493 0.377 0.471 0.3 0.329 0.185 0.493 0.131 0.236 0.532
4 4331.95310372422 isi_32 isi_32 0.19 0.263 0.406 0.491 14.46 0.14 0.432 0.428 0.446 0.417 0.469 0.205 0.205 0.15 0.495 0.005 0.739 0.362
5 4309.884864970636 isi_23 isi_23 0.248 22.93 0.221 0.231 0.053 0.135 0.283 0.519 0.152 0.467 0.579 0.418 0.156 0.125 0.421 0.359 0.077 0.19
6 4.0543315059261666e-11 isi_32 gw 2.92 1.785 0.457 0.558 2.939 0.442 0.609 0.668 0.58 0.642 0.595 0.657 0.631 0.378 0.664 0.46 0.317 0.682
7 1.4738865900739655e-11 isi_12 gw 3.489 2.489 0.302 0.214 2.102 0.361 0.543 0.618 0.547 0.618 0.528 0.618 0.644 0.409 0.524 0.159 0.401 0.614
8 2.042017132816522e-11 isi_12 gw 4.63 1.25 0.16 0.089 2.225 0.24 0.402 0.59 0.681 0.599 0.69 0.586 0.608 0.465 0.586 0.617 0.147 0.676
9 1.5521646485335725e-11 isi_12 gw 4.226 1.49 0.308 0.194 2.007 0.04 0.639 0.715 0.682 0.757 0.734 0.743 0.743 0.194 0.536 0.183 0.588 0.719
10 3567.8797839520857 tmi_21 tmi_21 0.01 0.293 0.229 0.158 0.485 0.084 0.509 0.331 0.253 0.081 0.279 19.677 0.488 0.385 0.29 0.469 0.06 0.512
11 2.0179645138110208e-11 isi_23 gw 2.554 2.821 0.137 0.193 2.707 0.193 0.569 0.588 0.635 0.604 0.561 0.627 0.596 0.5 0.5 0.298 0.291 0.584
12 521.2240232260294 rfi_21 rfi_21 0.381 0.357 0.172 0.099 0.193 0.095 0.525 0.085 0.469 0.501 0.282 0.498 0.435 0.009 0.518 0.131 0.362 17.851
13 3330.3459758945683 isi_13 isi_13 0.435 0.104 0.287 20.104 0.204 0.139 0.377 0.108 0.453 0.384 0.435 0.237 0.388 0.312 0.482 0.183 0.38 0.298
14 2.698976994998489e-11 isi_12 gw 2.717 2.578 0.529 0.076 2.462 0.37 0.673 0.632 0.648 0.681 0.632 0.501 0.616 0.419 0.709 0.172 0.616 0.501
15 4.357742982768726e-11 isi_23 gw 2.774 3.211 0.213 0.474 1.957 0.366 0.51 0.528 0.504 0.616 0.65 0.662 0.58 0.163 0.447 0.474 0.65 0.613
16 4.1514481282800194e-11 isi_23 gw 2.754 3.478 0.296 0.33 1.849 0.139 0.64 0.648 0.64 0.619 0.532 0.596 0.526 0.045 0.604 0.267 0.353 0.607
17 4699.700911886889 isi_21 isi_21 0.244 0.307 0.011 0.286 0.064 33.685 0.396 0.354 0.232 0.302 0.181 0.408 0.399 0.115 0.363 0.062 0.12 0.401
18 1711.9689230016163 rfi_23 rfi_23 0.275 0.268 0.166 0.069 0.259 0.426 0.45 0.409 0.435 0.411 0.43 0.397 0.359 18.26 0.368 0.026 0.244 0.418
19 4879.2241979569035 rfi_12 rfi_12 0.208 0.297 0.335 0.05 0.354 0.258 0.41 0.037 0.213 0.389 0.418 0.382 31.641 0.155 0.129 0.314 0.113 0.33
20 2920.2275039458154 isi_21 isi_21 0.084 0.36 0.179 0.003 0.26 27.951 0.466 0.127 0.241 0.31 0.184 0.483 0.432 0.198 0.22 0.174 0.155 0.507
21 1414.7014421489428 tmi_23 tmi_23 0.175 0.417 0.23 0.237 0.339 0.122 0.395 25.947 0.356 0.337 0.386 0.245 0.288 0.078 0.432 0.315 0.24 0.237
22 4934.010567097591 tmi_31 tmi_31 0.328 0.039 0.037 0.296 0.3 0.319 0.303 0.289 41.536 0.345 0.244 0.251 0.107 0.27 0.401 0.263 0.09 0.35
23 2.7501811007777515e-11 isi_32 gw 3.107 1.542 0.659 0.012 3.207 0.243 0.606 0.529 0.674 0.713 0.596 0.664 0.654 0.158 0.567 0.054 0.157 0.723
24 2.453872938487235e-11 isi_12 gw 4.176 1.694 0.384 0.272 2.318 0.368 0.54 0.642 0.638 0.617 0.633 0.504 0.597 0.201 0.617 0.225 0.388 0.416
