25 3.8436568114279094e-11 isi_12 gw 3.203 2.225 0.106 0.201 2.215 0.197 0.618 0.694 0.728 0.705 0.716 0.618 0.732 0.558 0.686 0.583 0.017 0.607
26 3774.0414595304924 rfi_31 rfi_31 0.059 0.364 0.021 0.132 0.302 0.052 0.031 0.407 0.493 0.493 0.3 0.051 0.383 0.416 21.426 0.397 0.231 0.481
27 1.4834194387239447e-11 isi_32 gw 2.555 1.65 0.393 0.735 2.742 0.937 0.75 0.72 0.715 0.75 0.81 0.602 0.681 0.472 0.602 0.457 0.446 0.77
28 4.7366204089467125e-11 isi_23 gw 2.477 3.231 0.901 0.046 1.833 0.181 0.61 0.639 0.569 0.653 0.673 0.659 0.641 0.486 0.676 0.367 0.518 0.63
29 3312.1495766606713 rfi_32 rfi_32 0.324 0.246 0.04 0.17 0.324 0.182 0.279 0.394 0.263 0.005 0.466 0.391 0.265 0.253 0.468 0.146 28.191 0.296
30 1735.3050319989288 tmi_12 tmi_12 0.425 0.033 0.083 0.201 0.128 0.038 26.359 0.102 0.432 0.449 0.393 0.356 0.427 0.126 0.285 0.338 0.116 0.439
31 1.7695208368347424e-11 isi_12 gw 2.521 1.665 0.215 0.395 2.364 1.586 0.651 0.718 0.68 0.714 0.752 0.747 0.752 0.772 0.685 0.28 0.189 0.816
32 537.3539600569243 isi_31 isi_31 0.115 0.029 24.743 0.182 0.162 0.177 0.399 0.34 0.353 0.375 0.092 0.384 0.424 0.407 0.411 0.299 0.127 0.407
33 4936.24233557659 tmi_12 tmi_12 0.2 0.407 0.286 0.236 0.362 0.083 22.649 0.005 0.395 0.438 0.255 0.481 0.477 0.163 0.25 0.031 0.25 0.422
34 561.752317954046 isi_23 isi_23 0.48 4.676 1.073 0.538 0.668 0.114 0.182 1.104 0.834 0.083 0.267 0.309 0.352 0.199 1.736 0.894 1.027 0.801
35 3.6775538562482097e-11 isi_12 gw 3.179 2.111 0.546 0.203 2.539 0.159 0.633 0.657 0.685 0.671 0.678 0.657 0.595 0.291 0.654 0.251 0.086 0.647
36 4.812288582197271e-11 isi_12 gw 2.937 2.425 0.159 0.06 2.42 0.386 0.481 0.745 0.718 0.51 0.595 0.741 0.738 0.468 0.728 0.293 0.2 0.648
37 2.2993964740221367e-11 isi_12 gw 3.452 1.651 0.517 0.526 2.567 0.364 0.387 0.799 0.609 0.718 0.703 0.737 0.614 0.159 0.689 0.154 0.159 0.708
38 4.150099632811705e-11 isi_23 gw 2.662 3.59 0.499 0.442 1.962 0.36 0.454 0.568 0.568 0.44 0.502 0.579 0.533 0.089 0.514 0.375 0.324 0.576
39 3268.5785638778116 rfi_21 rfi_21 0.258 0.197 0.218 0.01 0.331 0.145 0.414 0.211 0.393 0.094 0.251 0.424 0.419 0.331 0.397 0.009 0.136 32.669
40 3627.524096541711 isi_32 isi_32 0.341 0.231 0.18 0.364 39.796 0.167 0.267 0.38 0.273 0.348 0.435 0.283 0.186 0.176 0.055 0.292 0.238 0.125
41 3.500992686354248e-11 isi_12 gw 3.363 1.526 0.185 0.638 3.0 0.4 0.417 0.714 0.611 0.514 0.62 0.741 0.571 0.087 0.531 0.334 0.137 0.732
42 385.9368836265735 rfi_12 rfi_12 0.074 0.359 0.295 0.109 0.091 0.183 0.332 0.315 0.018 0.263 0.491 0.491 22.661 0.207 0.345 0.389 0.35 0.459
43 2.743586169399736e-11 isi_12 gw 3.413 1.534 0.054 0.038 2.48 0.234 0.613 0.724 0.712 0.736 0.664 0.736 0.76 0.25 0.684 0.288 0.837 0.768
44 4.9212376392097536e-11 isi_32 gw 2.526 2.456 0.433 0.022 3.013 0.516 0.578 0.637 0.621 0.612 0.528 0.569 0.532 0.153 0.612 0.269 0.427 0.609
45 3.9298646359133e-11 isi_23 gw 2.712 3.278 0.211 0.349 2.155 0.334 0.568 0.616 0.577 0.625 0.55 0.562 0.589 0.358 0.544 0.185 0.252 0.532
46 2312.218612854024 tmi_21 tmi_21 0.329 0.076 0.123 0.179 0.216 0.297 0.343 0.27 0.405 0.45 0.242 21.986 0.426 0.165 0.445 0.339 0.24 0.476
47 3.836286763140353e-11 isi_12 gw 2.964 2.235 0.26 0.387 2.369 0.137 0.74 0.631 0.703 0.722 0.692 0.548 0.663 0.656 0.707 0.448 0.277 0.678
48 1.75427867079477e-11 isi_12 gw 4.753 0.749 0.315 0.11 2.356 0.254 0.461 0.652 0.528 0.708 0.577 0.615 0.702 0.173 0.608 0.593 0.59 0.67
49 4.15548831538747e-11 isi_12 gw 3.655 1.092 0.391 0.002 3.119 0.208 0.466 0.718 0.554 0.694 0.613 0.654 0.566 0.29 0.698 0.526 0.134 0.577
