50 4.131659858451099e-11 isi_12 gw 3.002 2.666 0.518 0.065 2.354 0.448 0.575 0.63 0.546 0.559 0.546 0.633 0.508 0.534 0.597 0.044 0.106 0.604
51 2.8857297769181934e-11 isi_12 gw 3.989 1.504 0.532 0.091 2.563 0.444 0.655 0.536 0.648 0.64 0.509 0.567 0.613 0.104 0.617 0.209 0.061 0.659
52 2276.4253323625867 tmi_31 tmi_31 0.105 0.344 0.084 0.136 0.32 0.166 0.296 0.372 32.781 0.441 0.084 0.329 0.394 0.213 0.358 0.069 0.339 0.308
53 3301.8695231955676 rfi_12 rfi_12 0.406 0.213 0.188 0.331 0.174 0.174 0.392 0.342 0.272 0.22 0.202 0.425 31.434 0.136 0.309 0.108 0.277 0.397
54 2539.7153499529254 tmi_23 tmi_23 0.248 0.409 0.077 0.265 0.409 0.299 0.157 33.71 0.372 0.263 0.445 0.178 0.227 0.27 0.372 0.224 0.082 0.075
55 2.338382364478004e-11 isi_12 gw 4.066 1.936 0.303 0.091 2.145 0.399 0.666 0.587 0.594 0.619 0.58 0.648 0.612 0.202 0.594 0.275 0.087 0.594
56 4319.997787095091 rfi_23 rfi_23 0.288 0.281 0.269 0.19 0.226 0.134 0.338 0.354 0.079 0.335 0.419 0.369 0.393 32.402 0.219 0.069 0.001 0.395
57 2.509215802151803e-11 isi_12 gw 3.495 2.13 0.577 0.219 2.165 0.025 0.663 0.652 0.67 0.692 0.634 0.67 0.62 0.223 0.666 0.098 0.392 0.692
58 2295.3557991601233 rfi_21 rfi_21 0.35 0.286 0.279 0.27 0.2 0.216 0.312 0.376 0.277 0.286 0.388 0.261 0.373 0.102 0.399 0.181 0.02 30.911
59 1657.9549739007612 rfi_13 rfi_13 0.247 0.252 0.452 0.072 0.387 0.105 0.387 0.389 0.447 0.471 0.195 0.301 0.254 0.131 0.483 20.639 0.38 0.02
60 3826.6790260300327 tmi_32 tmi_32 0.261 0.19 0.156 0.313 0.225 0.028 0.294 0.416 0.361 0.173 34.144 0.332 0.402 0.277 0.289 0.194 0.047 0.414
61 4.22432077238554e-11 isi_23 gw 2.637 2.884 0.15 0.361 2.379 0.273 0.618 0.662 0.655 0.719 0.659 0.642 0.605 0.102 0.612 0.277 0.047 0.685
62 3.579713042998139e-11 isi_23 gw 2.791 2.931 0.003 0.253 2.095 0.092 0.713 0.693 0.61 0.68 0.703 0.69 0.588 0.703 0.563 0.093 0.08 0.585
63 1693.4751470328229 isi_31 isi_31 0.353 0.367 20.318 0.21 0.334 0.391 0.311 0.405 0.391 0.414 0.259 0.358 0.25 0.229 0.4 0.248 0.28 0.243
64 472.51222223104935 tmi_32 tmi_32 0.207 0.249 0.386 0.119 0.415 0.182 0.045 0.243 0.451 0.435 24.986 0.386 0.176 0.127 0.368 0.127 0.407 0.368
65 389.5121179866838 rfi_12 rfi_12 0.152 0.116 0.223 0.064 0.021 0.434 0.468 0.256 0.362 0.449 0.222 0.388 25.49 0.219 0.292 0.308 0.284 0.388
66 3.117332017878908e-11 isi_23 gw 2.666 3.388 0.451 0.207 1.896 0.171 0.631 0.703 0.638 0.644 0.716 0.524 0.753 0.237 0.596 0.158 0.228 0.46
67 2.8423436569086222e-11 isi_12 gw 3.403 1.967 0.554 0.155 2.187 0.62 0.735 0.627 0.595 0.746 0.746 0.645 0.681 0.489 0.556 0.239 0.087 0.753
68 522.4912895030371 rfi_23 rfi_23 0.453 0.109 0.176 0.231 0.509 0.121 0.047 0.445 0.087 0.328 0.236 0.171 0.511 25.488 0.146 0.268 0.456 0.151
69 2.7048604606060825e-11 isi_12 gw 3.149 2.131 0.426 0.695 1.947 0.141 0.753 0.692 0.685 0.699 0.728 0.699 0.731 1.075 0.617 0.014 0.083 0.567
70 2.9602557212938445e-11 isi_12 gw 2.995 2.514 0.566 0.19 2.2 0.142 0.49 0.745 0.689 0.685 0.612 0.682 0.58 0.336 0.587 0.496 0.374 0.738
71 1.3724184424605234e-11 isi_12 gw 3.549 2.209 0.446 0.012 1.8 0.009 0.757 0.674 0.731 0.592 0.618 0.687 0.553 0.57 0.6 0.281 0.812 0.705
72 4.020146785212203e-11 isi_23 gw 2.451 3.427 0.434 0.105 2.222 0.401 0.595 0.656 0.653 0.595 0.555 0.476 0.568 0.016 0.629 0.431 0.23 0.467
73 1.413631170645435e-11 isi_12 gw 3.315 1.951 0.505 0.194 1.957 0.06 0.728 0.718 0.844 0.763 0.708 0.808 0.9 0.417 0.713 0.194 0.325 0.839
74 2311.9457066143164 rfi_13 rfi_13 0.343 0.279 0.269 0.161 0.031 0.189 0.151 0.236 0.36 0.372 0.272 0.326 0.246 0.26 0.319 50.711 0.13 0.293
