75 1044.760412334058 rfi_12 rfi_12 0.081 0.372 0.114 0.044 0.367 0.401 0.41 0.519 0.365 0.401 0.422 0.442 9.519 0.431 0.338 1.449 0.327 0.464
76 2.479809777350586e-11 isi_12 gw 3.329 1.806 0.073 0.093 2.866 0.514 0.623 0.599 0.661 0.651 0.613 0.571 0.613 0.202 0.675 0.299 0.175 0.542
77 4976.3857301936705 rfi_12 rfi_12 0.154 0.351 0.022 0.029 0.144 0.128 0.408 0.375 0.365 0.219 0.396 0.427 30.978 0.353 0.311 0.217 0.027 0.344
78 2.1909327194983787e-11 isi_12 gw 3.566 1.768 0.124 0.353 2.427 0.304 0.743 0.665 0.747 0.657 0.788 0.669 0.649 0.163 0.596 0.041 0.01 0.731
79 2384.813972160899 tmi_31 tmi_31 0.144 0.356 0.316 0.091 0.081 0.307 0.154 0.43 29.588 0.385 0.359 0.128 0.252 0.208 0.42 0.264 0.168 0.439
80 1041.4898205757686 tmi_21 tmi_21 0.259 0.094 0.12 0.394 0.051 0.322 0.3 0.346 0.264 0.11 0.148 26.77 0.45 0.142 0.182 0.36 0.455 0.506
81 2.0247011961494027e-11 isi_12 gw 3.538 1.156 0.517 0.455 2.586 0.356 0.695 0.705 0.71 0.734 0.565 0.599 0.565 0.479 0.7 0.897 0.248 0.7
82 3.9839665748521425e-11 isi_12 gw 3.572 1.77 0.268 0.071 2.245 0.126 0.453 0.759 0.733 0.718 0.544 0.756 0.767 0.348 0.666 0.668 0.369 0.771
83 1.487988768645954e-11 isi_12 gw 3.403 2.533 0.304 0.216 2.061 0.416 0.643 0.68 0.59 0.676 0.635 0.639 0.561 0.156 0.549 0.006 0.002 0.692
84 3196.793195361771 isi_31 isi_31 0.134 0.214 35.835 0.094 0.254 0.297 0.21 0.387 0.387 0.406 0.323 0.108 0.378 0.139 0.356 0.012 0.16 0.389
85 4632.741351631628 tmi_13 tmi_13 0.081 0.208 0.098 0.182 0.033 0.069 0.353 0.341 0.433 26.162 0.44 0.414 0.015 0.271 0.499 0.467 0.014 0.319
86 1.3210241088327991e-11 isi_12 gw 3.911 1.156 0.458 0.245 2.439 0.499 0.129 0.816 0.681 0.492 0.361 0.852 0.667 0.437 0.66 0.164 0.803 0.845
87 3.242228666249971e-11 isi_12 gw 4.411 0.972 0.38 0.193 2.481 0.427 0.414 0.643 0.643 0.682 0.53 0.634 0.621 0.278 0.63 0.172 0.699 0.652
88 2.3407251867862217e-11 isi_12 gw 3.084 2.504 0.129 0.489 2.234 0.047 0.674 0.685 0.711 0.73 0.693 0.478 0.625 0.368 0.7 0.061 0.213 0.622
89 2.7695628473957355e-11 isi_12 gw 3.365 1.853 0.322 0.257 2.451 0.174 0.655 0.763 0.791 0.663 0.713 0.756 0.589 0.264 0.624 0.318 0.197 0.736
90 3.363238824698738e-11 isi_12 gw 4.019 1.229 0.099 0.015 2.807 0.405 0.569 0.657 0.613 0.629 0.684 0.601 0.569 0.308 0.499 0.124 0.319 0.657
91 4533.470163481241 isi_32 isi_32 0.297 0.355 0.339 0.259 15.189 0.074 0.326 0.368 0.358 0.355 0.4 0.378 0.371 0.04 0.355 0.339 0.822 0.374
92 4838.281648736308 rfi_13 rfi_13 0.377 0.114 0.35 0.026 0.2 0.29 0.31 0.262 0.384 0.454 0.169 0.14 0.42 0.112 0.439 27.988 0.038 0.35
93 1.807426607978713e-11 isi_12 gw 4.795 0.084 0.413 0.537 2.042 0.422 0.653 0.54 0.781 0.858 0.704 0.742 0.704 0.663 0.471 0.332 0.292 0.787
94 4787.029767119287 isi_12 isi_12 27.093 0.41 0.251 0.095 0.442 0.182 0.465 0.045 0.292 0.305 0.364 0.328 0.405 0.154 0.205 0.029 0.261 0.31
95 4707.8587157144675 rfi_32 rfi_32 0.161 0.273 0.41 0.311 0.318 0.363 0.254 0.427 0.231 0.163 0.422 0.25 0.405 0.509 0.231 0.229 21.471 0.236
96 2.8037278837890346e-11 isi_12 gw 4.288 1.095 0.251 0.114 2.798 0.183 0.533 0.661 0.607 0.632 0.549 0.607 0.562 0.187 0.632 0.328 0.058 0.562
97 558.8385531463193 isi_31 isi_31 0.249 0.381 36.026 0.146 0.342 0.335 0.406 0.142 0.313 0.322 0.237 0.156 0.06 0.076 0.396 0.313 0.315 0.156
98 4191.283960003351 rfi_23 rfi_23 0.319 0.291 0.565 0.018 0.053 0.373 0.48 0.454 0.141 0.454 0.452 0.31 0.492 16.67 0.402 0.188 0.054 0.354
99 1970.6449179239823 tmi_32 tmi_32 0.078 0.049 0.26 0.012 0.43 0.376 0.334 0.568 0.289 0.346 21.186 0.02 0.552 0.341 0.181 0.49 0.157 0.12
