100 1283.3879346490603 rfi_31 rfi_31 0.093 0.314 0.403 0.334 0.06 0.103 0.295 0.487 0.506 0.54 0.307 0.434 0.379 0.386 19.161 0.074 0.122 0.238
101 4.576575051370714e-11 isi_12 gw 2.852 2.146 0.267 0.528 2.712 0.439 0.687 0.583 0.576 0.641 0.596 0.667 0.635 0.602 0.658 0.186 0.345 0.641
102 2.975430036452143e-11 isi_12 gw 3.608 1.798 0.642 0.441 1.977 1.12 0.56 0.459 0.659 0.656 0.688 0.688 0.617 0.546 0.462 0.341 0.12 0.713
103 1922.1244531008717 rfi_31 rfi_31 0.042 0.146 0.042 0.072 0.406 0.047 0.505 0.399 0.481 0.565 0.553 0.427 0.26 0.07 21.011 0.115 0.129 0.186
104 1575.5668374743657 rfi_12 rfi_12 0.138 0.386 0.184 0.243 0.383 0.096 0.352 0.398 0.251 0.376 0.369 0.466 22.01 0.461 0.275 0.081 0.089 0.398
105 909.5278099675559 isi_31 isi_31 0.075 0.283 42.525 0.08 0.351 0.162 0.104 0.355 0.372 0.326 0.317 0.213 0.285 0.268 0.385 0.324 0.085 0.246
106 2.5559169440665833e-11 isi_12 gw 3.202 2.4 0.145 0.366 2.366 0.192 0.685 0.544 0.625 0.734 0.625 0.492 0.639 0.142 0.596 0.295 0.501 0.576
107 3.055003247336826e-11 isi_12 gw 2.981 2.142 0.321 0.278 2.669 0.268 0.515 0.653 0.679 0.712 0.482 0.66 0.602 0.36 0.616 0.565 0.508 0.638
108 3838.465586240776 rfi_12 rfi_12 0.126 0.193 0.352 0.158 0.165 0.191 0.354 0.217 0.095 0.225 0.4 0.456 37.256 0.249 0.408 0.098 0.114 0.427
109 2.7240141193785843e-11 isi_12 gw 3.461 1.088 0.023 0.133 2.423 0.646 0.672 0.761 0.753 0.769 0.608 0.793 0.757 0.628 0.765 0.845 0.005 0.797
110 4.156132350253334e-11 isi_12 gw 3.694 1.476 0.028 0.381 2.541 0.703 0.474 0.688 0.625 0.584 0.673 0.666 0.555 0.383 0.681 0.341 0.438 0.714
111 1610.883570364013 isi_13 isi_13 0.91 0.647 0.278 7.797 0.117 0.137 0.46 0.737 0.658 0.874 0.191 0.404 0.868 0.193 0.67 0.176 0.432 0.603
112 2.7685642824876154e-11 isi_12 gw 3.476 2.224 0.438 0.189 2.18 0.295 0.581 0.634 0.697 0.641 0.648 0.588 0.585 0.474 0.644 0.329 0.121 0.676
113 2568.004049177955 tmi_21 tmi_21 0.372 0.32 0.28 0.349 0.254 0.361 0.303 0.382 0.187 0.115 0.104 30.723 0.418 0.237 0.076 0.012 0.277 0.399
114 4327.991811022115 tmi_12 tmi_12 0.035 0.188 0.111 0.111 0.088 0.261 23.206 0.398 0.302 0.487 0.466 0.427 0.473 0.133 0.35 0.138 0.211 0.453
115 3972.5016556459664 tmi_21 tmi_21 0.01 0.294 0.213 0.235 0.059 0.052 0.392 0.249 0.244 0.168 0.187 33.564 0.366 0.409 0.39 0.142 0.395 0.436
116 1400.25928265631 rfi_31 rfi_31 0.154 0.118 0.104 0.054 0.535 0.088 0.1 0.465 0.579 0.509 0.354 0.347 0.567 0.162 18.808 0.354 0.166 0.206
117 2.2371921581777696e-11 isi_12 gw 4.532 0.565 0.083 0.273 2.713 0.073 0.464 0.722 0.621 0.49 0.402 0.679 0.553 0.743 0.647 0.07 0.388 0.716
118 2.542747293709858e-11 isi_12 gw 3.956 1.021 0.666 0.167 2.825 0.179 0.632 0.683 0.606 0.627 0.593 0.71 0.666 0.092 0.554 0.075 0.13 0.71
119 1.371582426053565e-11 isi_12 gw 2.871 0.51 0.738 1.051 2.448 0.01 0.453 0.888 0.939 0.869 0.637 1.017 0.978 0.467 1.062 0.304 0.106 0.971
120 4942.963146171509 tmi_23 tmi_23 0.161 0.076 0.123 0.037 0.295 0.163 0.457 32.888 0.246 0.381 0.404 0.431 0.234 0.376 0.147 0.246 0.144 0.374
121 2.1212822528589257e-11 isi_12 gw 3.514 2.012 0.028 0.566 2.127 0.255 0.548 0.631 0.627 0.67 0.659 0.67 0.641 0.488 0.584 0.649 0.594 0.584
122 2.4536065637685292e-11 isi_12 gw 3.457 1.575 0.353 0.244 2.075 0.408 0.703 0.817 0.804 0.795 0.69 0.76 0.664 0.86 0.523 0.027 0.625 0.852
123 4.012308572298874e-11 isi_12 gw 3.463 2.158 0.391 0.227 2.333 0.39 0.657 0.611 0.572 0.598 0.594 0.568 0.429 0.604 0.667 0.451 0.189 0.545
124 3.5969498527029e-11 isi_32 gw 3.069 1.438 0.263 0.028 3.214 0.689 0.614 0.618 0.571 0.621 0.571 0.571 0.618 0.497 0.645 0.355 0.528 0.657
