125 1.9242355667883112e-11 isi_12 gw 4.107 0.821 0.717 0.163 2.563 0.107 0.621 0.694 0.582 0.689 0.734 0.758 0.694 0.272 0.675 0.256 0.295 0.709
126 4.8183230324892756e-11 isi_12 gw 3.438 2.338 0.391 0.321 2.361 0.182 0.529 0.633 0.607 0.571 0.532 0.549 0.513 0.024 0.562 0.414 0.382 0.623
127 3.585239252007957e-11 isi_12 gw 3.075 1.966 0.962 0.39 2.139 0.106 0.765 0.713 0.796 0.751 0.814 0.661 0.637 0.596 0.63 0.246 0.106 0.716
128 4558.756638027031 rfi_12 rfi_12 0.167 0.306 0.271 0.271 0.25 0.149 0.333 0.287 0.309 0.24 0.337 0.406 33.35 0.096 0.089 0.368 0.224 0.416
129 1877.6483718921656 rfi_21 rfi_21 0.104 0.171 0.245 0.302 0.304 0.165 0.405 0.288 0.276 0.204 0.338 0.463 0.343 0.304 0.362 0.171 0.104 31.67
130 3.3988216498227454e-11 isi_12 gw 3.168 1.937 0.5 0.192 2.519 0.22 0.681 0.717 0.732 0.754 0.663 0.765 0.605 0.425 0.685 0.157 0.076 0.674
131 4994.34548967891 rfi_32 rfi_32 0.302 0.071 0.309 0.108 0.306 0.291 0.264 0.432 0.37 0.278 0.461 0.328 0.097 0.266 0.43 0.137 25.235 0.332
132 3161.2865423668727 tmi_12 tmi_12 0.267 0.236 0.276 0.316 0.318 0.309 8.836 0.449 0.398 0.418 0.396 0.424 0.429 0.398 0.356 0.019 1.682 0.402
133 386.06528026205365 isi_32 isi_32 0.802 1.166 1.01 0.654 4.55 0.523 0.972 1.137 0.8 0.787 0.585 0.703 0.429 0.827 0.417 0.033 0.059 0.876
134 3.6607233322706966e-11 isi_12 gw 3.76 1.841 0.274 0.44 2.379 0.072 0.564 0.699 0.624 0.631 0.671 0.703 0.631 0.596 0.374 0.273 0.12 0.518
135 3.5662957273592835e-11 isi_12 gw 3.332 2.039 0.122 0.661 2.53 0.333 0.643 0.586 0.614 0.658 0.596 0.632 0.546 0.273 0.564 0.284 0.404 0.593
136 1.3493411517963736e-11 isi_12 gw 4.892 0.979 0.065 0.363 2.274 0.584 0.542 0.282 0.687 0.661 0.517 0.496 0.651 0.677 0.527 0.201 0.156 0.661
137 4.394229002209288e-11 isi_12 gw 3.27 2.493 0.374 0.151 2.265 0.111 0.579 0.633 0.61 0.642 0.563 0.61 0.607 0.434 0.563 0.176 0.318 0.649
138 4.030956125491712e-11 isi_12 gw 3.189 2.335 0.348 0.124 2.326 0.121 0.681 0.681 0.541 0.651 0.708 0.671 0.671 0.137 0.621 0.415 0.524 0.507
139 2982.4278487015335 isi_23 isi_23 0.153 18.081 0.395 0.161 0.113 0.065 0.528 0.605 0.363 0.605 0.582 0.023 0.31 0.213 0.313 0.158 0.16 0.178
140 3.356179519368228e-11 isi_12 gw 3.528 1.589 0.109 0.015 2.68 0.237 0.65 0.732 0.72 0.484 0.72 0.708 0.767 0.083 0.661 0.113 0.199 0.767
141 1.731218902754094e-11 isi_12 gw 3.387 1.392 0.339 0.135 2.653 0.722 0.663 0.683 0.668 0.644 0.678 0.777 0.619 0.882 0.634 0.159 0.273 0.488
142 952.2442130849353 isi_13 isi_13 0.644 0.699 0.058 7.929 0.037 0.878 0.09 0.699 0.54 0.855 0.223 0.165 0.622 0.639 0.628 0.606 0.394 0.464
143 4.513674237260911e-11 isi_12 gw 3.89 1.359 0.15 0.06 2.735 0.489 0.621 0.61 0.457 0.639 0.528 0.625 0.439 0.358 0.704 0.132 0.657 0.618
144 4435.15531900443 isi_12 isi_12 32.161 0.121 0.282 0.402 0.279 0.029 0.334 0.316 0.047 0.013 0.142 0.41 0.439 0.241 0.241 0.189 0.326 0.436
145 4.682012250472792e-11 isi_12 gw 3.316 2.174 0.272 0.028 2.215 0.067 0.684 0.655 0.724 0.707 0.687 0.694 0.678 0.158 0.651 0.213 0.592 0.701
146 4.373190789346723e-11 isi_12 gw 3.379 2.211 0.133 0.342 2.36 0.184 0.659 0.633 0.595 0.643 0.586 0.637 0.697 0.333 0.583 0.476 0.105 0.602
147 2.957616219605742e-11 isi_12 gw 3.815 1.667 0.311 0.491 2.537 0.36 0.663 0.655 0.667 0.522 0.694 0.596 0.635 0.062 0.557 0.067 0.092 0.565
148 2314.4981501866396 isi_12 isi_12 10.318 0.325 0.55 0.2 0.31 0.088 0.785 0.045 0.008 0.357 0.219 0.83 0.83 0.521 0.03 0.179 0.017 0.863
149 1.8068430640990467e-11 isi_12 gw 4.737 0.705 0.137 0.402 2.219 0.214 0.569 0.768 0.722 0.745 0.699 0.734 0.609 0.363 0.592 0.269 0.115 0.814
