150 2.2868612594834523e-11 isi_12 gw 3.313 1.461 0.171 0.915 2.726 0.05 0.678 0.665 0.566 0.724 0.745 0.657 0.463 0.381 0.682 0.3 0.57 0.607
151 2.04331059732417e-11 isi_12 gw 4.513 0.506 0.451 0.37 2.856 0.323 0.564 0.568 0.686 0.645 0.649 0.616 0.391 0.232 0.556 0.065 0.145 0.629
152 1.1941576107164478e-11 isi_12 gw 3.631 0.516 2.279 0.178 1.997 0.096 0.379 0.488 0.716 0.516 0.843 0.751 0.674 0.091 0.495 0.217 0.557 0.667
153 652.6997576832712 rfi_21 rfi_21 0.001 0.292 0.316 0.174 0.032 0.14 0.452 0.359 0.238 0.392 0.011 0.44 0.409 0.318 0.285 0.29 0.091 30.285
154 1044.6113820708897 isi_31 isi_31 0.118 0.194 22.505 0.041 0.102 0.189 0.297 0.409 0.461 0.401 0.234 0.444 0.444 0.257 0.416 0.238 0.285 0.368
155 4782.778730774531 isi_32 isi_32 0.315 0.434 1.006 0.527 9.662 0.115 0.4 0.559 0.335 0.394 0.567 0.321 0.465 0.747 0.411 0.324 0.459 0.234
156 4.581903329529229e-11 isi_12 gw 3.364 2.309 0.593 0.116 2.304 0.081 0.619 0.638 0.668 0.528 0.399 0.645 0.596 0.495 0.648 0.357 0.195 0.57
157 3.6367874915539684e-11 isi_12 gw 3.411 1.278 0.209 0.238 3.314 0.453 0.524 0.652 0.628 0.604 0.568 0.556 0.616 0.406 0.564 0.02 0.316 0.616
158 4075.874104474271 rfi_21 rfi_21 0.014 0.101 0.294 0.111 0.198 0.017 0.42 0.425 0.394 0.373 0.342 0.463 0.449 0.162 0.344 0.005 0.099 27.614
159 3.2601311926165384e-11 isi_12 gw 3.615 0.557 0.302 0.195 2.894 0.243 0.759 0.777 0.723 0.706 0.535 0.772 0.79 0.255 0.79 0.601 0.174 0.808
160 2824.088810698091 rfi_31 rfi_31 0.132 0.286 0.26 0.03 0.309 0.137 0.267 0.456 0.468 0.432 0.432 0.276 0.307 0.029 27.321 0.236 0.269 0.203
161 3123.3824552989704 rfi_31 rfi_31 0.175 0.298 0.217 0.104 0.348 0.12 0.446 0.189 0.482 0.465 0.31 0.224 0.222 0.3 28.728 0.191 0.322 0.182
162 4.9118888551609274e-11 isi_12 gw 3.623 2.108 0.438 0.266 2.401 0.512 0.531 0.486 0.586 0.586 0.583 0.55 0.534 0.098 0.592 0.486 0.044 0.583
163 1132.2242886719264 tmi_12 tmi_12 0.253 0.262 0.47 0.27 0.353 0.275 20.981 0.356 0.265 0.272 0.136 0.454 0.449 0.006 0.356 0.24 0.248 0.459
164 470.95591495443 tmi_23 tmi_23 0.413 0.349 0.229 0.143 0.507 0.121 0.378 22.5 0.092 0.465 0.44 0.3 0.329 0.166 0.136 0.024 0.066 0.497
165 2.614207684511769e-11 isi_12 gw 3.502 0.412 0.476 0.387 2.998 0.112 0.777 0.872 0.548 0.586 0.44 0.894 0.844 0.126 0.799 0.199 0.595 0.794
166 629.4572898807129 tmi_32 tmi_32 0.353 0.255 0.022 0.12 0.25 0.022 0.305 0.412 0.388 0.442 32.267 0.383 0.228 0.268 0.383 0.271 0.038 0.08
167 3570.9657848417164 rfi_32 rfi_32 0.014 0.386 0.127 0.157 0.127 0.391 0.181 0.37 0.157 0.384 0.412 0.313 0.391 0.207 0.2 0.233 37.913 0.179
168 1.6096721735666693e-11 isi_12 gw 3.533 2.215 0.308 0.185 2.03 0.247 0.721 0.658 0.609 0.646 0.58 0.712 0.572 0.629 0.683 0.41 0.167 0.646
169 1824.9205650648207 isi_23 isi_23 0.191 12.8 0.197 0.502 0.083 0.332 0.557 0.696 0.38 0.373 0.605 0.4 0.427 0.319 0.266 0.177 0.347 0.572
170 2335.77575642453 rfi_12 rfi_12 0.197 0.099 0.261 0.445 0.181 0.321 0.513 0.361 0.347 0.387 0.057 0.497 17.612 0.177 0.444 0.217 0.485 0.439
171 2950.1271609915793 isi_23 isi_23 0.229 13.839 0.446 0.091 0.218 0.141 0.503 0.748 0.285 0.296 0.73 0.329 0.374 0.025 0.576 0.29 0.324 0.207
172 2.712527119974502e-11 isi_12 gw 3.956 1.814 0.176 0.279 2.365 0.235 0.558 0.583 0.601 0.65 0.601 0.544 0.53 0.478 0.513 0.569 0.192 0.558
173 4.858915305879018e-11 isi_12 gw 3.347 2.108 0.245 0.223 2.225 0.363 0.629 0.623 0.675 0.672 0.705 0.718 0.715 0.232 0.606 0.646 0.233 0.685
174 1.4494997035934221e-11 isi_32 gw 2.896 1.469 0.54 0.611 3.002 0.068 0.584 0.783 0.694 0.766 0.694 0.688 0.694 0.553 0.448 0.356 0.657 0.589
