175 3177.9308620722522 tmi_23 tmi_23 0.245 0.32 0.327 0.196 0.16 0.029 0.379 27.928 0.167 0.315 0.412 0.226 0.446 0.228 0.224 0.21 0.393 0.386
176 4205.396541232252 tmi_12 tmi_12 0.294 0.338 0.113 0.036 0.284 0.219 50.523 0.259 0.284 0.328 0.214 0.363 0.348 0.236 0.214 0.13 0.224 0.353
177 3032.259839398908 isi_31 isi_31 0.105 0.216 19.997 0.209 0.361 0.136 0.502 0.33 0.5 0.471 0.334 0.246 0.332 0.116 0.48 0.114 0.171 0.449
178 1949.2025572437121 isi_21 isi_21 0.211 0.251 0.032 0.204 0.274 23.592 0.458 0.364 0.446 0.074 0.225 0.451 0.411 0.095 0.423 0.246 0.088 0.432
179 2742.767447325262 rfi_31 rfi_31 0.434 0.273 0.305 0.358 0.297 0.231 0.195 0.264 0.427 0.406 0.141 0.139 0.311 0.259 24.612 0.007 0.323 0.449
180 4538.2201748217685 isi_32 isi_32 0.217 0.112 0.348 0.217 25.887 0.206 0.212 0.306 0.382 0.301 0.39 0.356 0.387 0.36 0.359 0.173 0.317 0.276
181 3.2386837075859087e-11 isi_12 gw 3.365 2.12 0.392 0.307 2.51 0.219 0.565 0.599 0.592 0.599 0.613 0.655 0.579 0.482 0.592 0.212 0.275 0.62
182 885.8841421972335 rfi_13 rfi_13 0.262 0.112 0.126 0.271 0.071 0.321 0.24 0.367 0.307 0.367 0.231 0.269 0.377 0.317 0.281 48.776 0.121 0.197
183 1719.6562735132927 isi_13 isi_13 0.136 0.383 0.86 9.092 0.39 0.104 0.561 0.323 0.579 0.481 0.685 0.518 0.524 0.512 0.493 0.328 0.765 0.329
184 1109.242788792989 isi_32 isi_32 0.981 0.803 0.689 0.035 5.761 0.712 0.057 0.918 0.247 0.204 0.667 0.814 0.644 0.471 1.035 1.052 0.263 0.405
185 4421.1469265445685 rfi_31 rfi_31 0.274 0.258 0.112 0.25 0.269 0.087 0.204 0.399 0.442 0.449 0.241 0.201 0.335 0.246 30.224 0.208 0.364 0.274
186 2.2859155339937675e-11 isi_12 gw 3.568 1.015 0.542 0.355 2.407 1.422 0.573 0.676 0.676 0.703 0.56 0.755 0.685 0.153 0.56 0.436 0.124 0.689
187 3934.1117962742896 tmi_13 tmi_13 0.196 0.175 0.33 0.024 0.208 0.105 0.07 0.404 0.423 32.62 0.222 0.29 0.408 0.295 0.444 0.371 0.049 0.253
188 1.2586777898172464e-11 isi_12 gw 3.108 1.413 0.188 0.611 2.146 1.601 0.756 0.636 0.642 0.813 0.762 0.787 0.426 0.079 0.693 0.261 0.181 0.89
189 3.655419360912719e-11 isi_12 gw 3.372 2.217 0.233 0.408 2.225 0.024 0.555 0.671 0.69 0.681 0.611 0.674 0.583 0.141 0.636 0.602 0.322 0.681
190 4950.669687633939 isi_31 isi_31 0.05 0.109 15.615 0.181 0.29 0.236 0.17 0.489 0.547 0.496 0.323 0.333 0.451 0.234 0.513 0.536 0.17 0.52
191 4.747347714214365e-11 isi_12 gw 3.549 1.331 0.211 0.244 2.952 0.606 0.554 0.632 0.688 0.646 0.609 0.691 0.462 0.124 0.676 0.356 0.203 0.695
192 1.2396932563745149e-11 isi_12 gw 3.995 0.252 0.209 0.363 2.295 0.258 0.57 0.741 0.57 0.696 0.444 0.884 0.851 0.351 0.665 1.424 0.043 0.761
193 2.61868489378514e-11 isi_12 gw 4.158 1.877 0.556 0.081 2.178 0.548 0.563 0.589 0.567 0.629 0.6 0.589 0.519 0.317 0.501 0.16 0.04 0.501
194 4.684768026934136e-11 isi_12 gw 3.696 1.568 0.051 0.45 2.644 0.136 0.588 0.574 0.639 0.57 0.537 0.687 0.625 0.285 0.639 0.537 0.416 0.661
195 2257.271398091228 isi_13 isi_13 0.202 0.321 0.072 25.57 0.28 0.038 0.361 0.202 0.484 0.5 0.089 0.343 0.261 0.159 0.393 0.067 0.277 0.465
196 1.4599538613246094e-11 isi_12 gw 4.819 0.841 0.038 0.095 2.381 0.364 0.576 0.647 0.57 0.686 0.636 0.642 0.708 0.277 0.521 0.054 0.359 0.725
197 3.6878338542030385e-11 isi_12 gw 3.918 1.188 0.387 0.352 2.637 0.246 0.577 0.798 0.585 0.733 0.605 0.786 0.45 0.293 0.509 0.482 0.153 0.766
198 1.0538326536642723e-11 isi_12 gw 3.948 0.017 0.742 0.181 2.06 0.042 0.699 0.583 0.803 0.754 0.623 0.837 0.74 1.512 0.761 0.082 0.188 0.719
199 2.665177033138029e-11 isi_12 gw 4.222 1.77 0.403 0.203 2.254 0.346 0.51 0.58 0.645 0.514 0.441 0.607 0.611 0.56 0.58 0.072 0.188 0.553
