200 1203.3528944287418 rfi_32 rfi_32 0.143 0.011 0.362 0.261 0.232 0.306 0.338 0.403 0.268 0.403 0.394 0.319 0.399 0.107 0.076 0.076 27.46 0.416
201 4.1543611275307256e-11 isi_12 gw 3.972 1.736 0.507 0.563 2.493 0.296 0.553 0.624 0.567 0.688 0.345 0.528 0.482 0.391 0.457 0.081 0.237 0.549
202 1.4800708680685e-11 isi_12 gw 4.84 0.685 0.647 0.255 2.154 0.054 0.605 0.686 0.785 0.779 0.498 0.779 0.741 0.16 0.519 0.096 0.076 0.779
203 1.0741450447124779e-11 isi_12 gw 4.006 0.087 0.345 0.304 2.632 0.445 0.776 0.709 0.546 0.582 0.493 0.764 0.606 0.047 0.648 0.987 0.703 0.703
204 914.5580063426198 tmi_12 tmi_12 0.266 0.078 0.075 0.031 0.102 0.418 17.182 0.272 0.498 0.365 0.335 0.579 0.448 0.239 0.459 0.244 0.363 0.534
205 4991.175513628471 isi_32 isi_32 0.308 0.291 0.504 0.271 22.719 0.186 0.314 0.43 0.127 0.4 0.404 0.271 0.169 0.393 0.186 0.238 0.077 0.4
206 3.7864653118928536e-11 isi_12 gw 4.544 1.278 0.445 0.141 2.554 0.574 0.57 0.539 0.549 0.514 0.553 0.466 0.563 0.277 0.349 0.168 0.27 0.581
207 1.7746351387917438e-11 isi_12 gw 4.604 0.859 0.445 0.315 2.542 0.52 0.546 0.703 0.609 0.624 0.484 0.666 0.551 0.188 0.64 0.265 0.029 0.562
208 4236.987917769221 isi_32 isi_32 0.213 0.148 0.031 0.082 28.913 0.442 0.309 0.397 0.001 0.37 0.397 0.228 0.315 0.412 0.279 0.026 0.379 0.297
209 4433.001997861896 isi_23 isi_23 0.085 18.753 0.07 0.214 0.139 0.495 0.268 0.492 0.188 0.182 0.47 0.504 0.265 0.113 0.454 0.302 0.383 0.498
210 1203.3298688182558 rfi_23 rfi_23 0.124 0.404 0.005 0.416 0.247 0.367 0.159 0.528 0.0 0.374 0.392 0.488 0.315 23.222 0.217 0.217 0.137 0.244
211 1.521653710798373e-11 isi_12 gw 3.666 1.641 0.575 0.002 2.665 0.332 0.442 0.677 0.677 0.621 0.714 0.544 0.447 0.147 0.667 0.007 0.412 0.657
212 3.520235236402893e-11 isi_12 gw 3.816 2.067 0.43 0.188 2.31 0.045 0.58 0.547 0.583 0.633 0.558 0.544 0.569 0.363 0.537 0.191 0.465 0.544
213 1.970859692646809e-11 isi_12 gw 3.844 2.086 0.102 0.05 2.01 0.188 0.535 0.687 0.774 0.617 0.724 0.703 0.547 0.345 0.613 0.009 0.442 0.67
214 820.4119871100364 rfi_32 rfi_32 0.376 0.045 0.202 0.2 0.352 0.2 0.381 0.299 0.309 0.307 0.249 0.269 0.264 0.366 0.357 0.232 30.674 0.271
215 3.089976509518684e-11 isi_12 gw 4.485 0.92 0.55 0.08 2.596 0.287 0.542 0.672 0.443 0.55 0.55 0.604 0.56 0.562 0.525 0.478 0.414 0.553
216 1649.0187568257088 isi_31 isi_31 0.152 0.379 25.541 0.204 0.256 0.152 0.331 0.348 0.405 0.452 0.216 0.395 0.284 0.417 0.405 0.138 0.105 0.075
217 1.634804333383615e-11 isi_12 gw 4.259 1.65 0.497 0.317 2.052 0.063 0.691 0.696 0.505 0.717 0.696 0.725 0.729 0.243 0.526 0.172 0.191 0.567
218 1749.9228997800983 isi_31 isi_31 0.145 0.232 19.887 0.083 0.407 0.456 0.354 0.39 0.45 0.435 0.274 0.478 0.208 0.147 0.338 0.236 0.001 0.442
219 3.688639156996837e-11 isi_12 gw 3.187 2.369 0.552 0.109 2.446 0.105 0.587 0.604 0.576 0.583 0.587 0.608 0.493 0.587 0.58 0.155 0.404 0.576
220 3640.000528180335 tmi_21 tmi_21 0.369 0.324 0.063 0.128 0.345 0.055 0.435 0.014 0.312 0.212 0.39 27.179 0.392 0.137 0.42 0.034 0.284 0.449
221 4.2268741675121025e-11 isi_12 gw 3.84 1.588 0.646 0.27 2.24 0.169 0.642 0.66 0.714 0.639 0.631 0.71 0.55 0.43 0.671 0.021 0.575 0.689
222 1.1599211974430301e-11 isi_12 gw 4.676 0.003 0.945 0.572 2.452 0.407 0.587 0.698 0.658 0.447 0.397 0.678 0.602 0.119 0.522 0.026 0.002 0.832
223 3750.939414919854 isi_23 isi_23 0.075 17.305 0.197 0.278 0.045 0.158 0.483 0.51 0.365 0.368 0.504 0.368 0.332 0.464 0.437 0.329 0.296 0.299
224 3.140745208017044e-11 isi_12 gw 3.534 1.17 0.188 0.437 3.219 0.578 0.445 0.721 0.612 0.712 0.471 0.691 0.539 0.232 0.501 0.014 0.162 0.66
