225 3.5671389390117504e-11 isi_12 gw 3.362 1.796 0.093 0.03 2.812 0.456 0.433 0.58 0.584 0.656 0.66 0.626 0.618 0.637 0.599 0.373 0.018 0.58
226 3371.1750456927043 isi_23 isi_23 0.429 16.181 0.331 0.418 0.283 0.215 0.407 0.444 0.092 0.464 0.421 0.449 0.331 0.313 0.342 0.319 0.159 0.475
227 1.197033737674794e-11 isi_12 gw 3.543 1.889 0.421 0.622 2.332 0.466 0.652 0.718 0.531 0.642 0.596 0.612 0.396 0.646 0.352 0.036 0.551 0.672
228 2.8437330895043373e-11 isi_12 gw 4.707 1.096 0.151 0.185 2.43 0.01 0.493 0.698 0.641 0.343 0.563 0.681 0.624 0.278 0.602 0.036 0.489 0.681
229 484.5734409596031 tmi_31 tmi_31 0.073 0.414 0.367 0.344 0.103 0.331 0.277 0.289 19.883 0.462 0.177 0.307 0.432 0.277 0.452 0.098 0.51 0.267
230 4487.54442842823 rfi_31 rfi_31 0.196 0.462 0.008 0.299 0.304 0.206 0.403 0.58 0.645 0.562 0.0 0.626 0.394 0.031 11.715 0.041 0.804 0.553
231 1.1505014356754022e-11 isi_12 gw 3.48 1.584 0.285 0.375 2.546 0.424 0.625 0.775 0.793 0.781 0.582 0.706 0.399 0.539 0.681 0.387 0.472 0.46
232 4.2876232764108744e-11 isi_12 gw 3.871 1.578 0.204 0.251 2.691 0.286 0.581 0.52 0.431 0.613 0.592 0.556 0.527 0.374 0.581 0.459 0.502 0.595
233 3850.493224377556 rfi_31 rfi_31 0.25 0.183 1.388 0.502 0.027 0.347 0.014 0.725 0.748 0.776 0.757 0.576 0.261 0.38 6.942 0.684 0.438 0.617
234 1107.6730880146279 tmi_31 tmi_31 0.206 0.196 0.385 0.07 0.371 0.247 0.501 0.299 21.273 0.46 0.385 0.475 0.397 0.022 0.28 0.156 0.308 0.218
235 3659.205930043291 isi_32 isi_32 0.283 0.225 0.193 0.325 17.734 0.334 0.251 0.557 0.264 0.429 0.465 0.449 0.56 0.174 0.407 0.083 0.241 0.222
236 2796.049084516805 rfi_13 rfi_13 0.01 0.226 0.018 0.231 0.166 0.087 0.356 0.472 0.375 0.462 0.332 0.3 0.385 0.221 0.32 28.379 0.07 0.339
237 1.2304073238981035e-11 isi_12 gw 3.971 1.0 0.491 0.082 2.795 0.516 0.487 0.619 0.674 0.799 0.575 0.57 0.754 0.028 0.699 0.371 0.01 0.531
238 2.0806637964449608e-11 isi_12 gw 4.328 1.381 0.023 0.547 2.454 0.079 0.361 0.622 0.706 0.672 0.71 0.668 0.435 0.12 0.513 0.214 0.189 0.672
239 3.3753088119792935e-11 isi_12 gw 3.104 1.986 0.332 0.07 2.433 0.42 0.734 0.712 0.593 0.73 0.723 0.734 0.641 0.757 0.656 0.042 0.157 0.712
240 1116.8538883516903 isi_31 isi_31 0.375 0.13 19.951 0.25 0.119 0.222 0.147 0.386 0.476 0.464 0.333 0.454 0.393 0.08 0.476 0.258 0.222 0.371
241 2161.465692709846 rfi_23 rfi_23 0.332 0.212 0.308 0.068 0.136 0.219 0.172 0.389 0.313 0.322 0.413 0.372 0.377 32.392 0.259 0.126 0.103 0.351
242 2.1553540168988783e-11 isi_12 gw 3.801 1.33 0.132 0.062 2.555 0.164 0.638 0.749 0.802 0.691 0.653 0.696 0.548 0.127 0.61 0.187 0.653 0.754
243 3910.7256421655493 tmi_23 tmi_23 0.184 0.018 0.4 0.221 0.027 0.381 0.374 15.866 0.468 0.458 0.475 0.357 0.367 0.42 0.36 0.383 0.449 0.428
244 1.8973695878673663e-11 isi_12 gw 3.453 2.346 0.239 0.58 2.114 0.024 0.618 0.646 0.635 0.691 0.628 0.663 0.635 0.33 0.573 0.371 0.0 0.535
245 4478.671380526627 rfi_12 rfi_12 0.303 0.258 0.131 0.277 0.22 0.001 0.362 0.343 0.341 0.19 0.3 0.426 33.295 0.237 0.362 0.138 0.078 0.412
246 1.498406014186761e-11 isi_12 gw 4.952 0.619 0.376 0.076 2.096 0.797 0.658 0.777 0.575 0.463 0.604 0.722 0.658 0.271 0.628 0.4 0.328 0.687
247 2.1076893412413347e-11 isi_32 gw 3.106 1.077 0.237 0.641 3.204 0.242 0.659 0.591 0.675 0.749 0.775 0.786 0.733 0.245 0.617 0.082 0.262 0.834
248 4726.504150611928 rfi_21 rfi_21 0.377 0.321 0.132 0.154 0.281 0.252 0.396 0.219 0.233 0.154 0.347 0.401 0.366 0.17 0.271 0.067 0.093 42.743
249 2.864122812933271e-11 isi_12 gw 3.834 1.335 0.228 0.469 2.568 0.318 0.493 0.734 0.674 0.698 0.646 0.714 0.738 0.523 0.508 0.221 0.31 0.614
