start | end | score
704 767 -0.08619312760969178
3136 3167 -1.6570456599883043
6176 6239 -0.1644657220276189
6848 6943 -1.2228336068357555
10592 10655 -0.6122934600308467
11232 11327 -1.775381854564442
12800 12895 -1.836222503097498
13440 13535 -1.2031078927479046
14016 14079 -1.2934799087447963
17536 17599 -0.16849088046849803
18496 18559 -1.4533852295692418
20960 21023 -0.2554517143430899
21984 22047 -0.31132784612277387
23072 23167 -1.0483253450991226
27296 27391 -0.9761925097502614
30304 30399 -0.6268063882818933
31584 31679 -0.672371936094765
32256 32319 -1.2117601439938788
33760 33823 -0.7670960729918234
35104 35167 -0.23841164004394544
35968 36031 -0.582385380763679
36512 36607 -1.1809961404474654
39104 39167 -0.4976748470316459
40096 40191 -0.5581938374849925
41248 41311 -0.35811776149652463
42016 42047 -0.05349020546657131
42880 42975 -0.42140287839961427
45632 45727 -0.7634640835872509
46912 47007 -2.071186353465731
48256 48319 -0.15955010207996878
52864 52959 -1.0422831372878996
53856 53887 -0.15200793588033584
55488 55551 -0.7329081058691035
59424 59519 -0.8316556512802533
62016 62079 -0.14037761420282743
63552 63583 -2.22893321208305
64448 64511 -0.36311873579284315
65408 65471 -0.2707460624034195
66400 66463 -0.4685576720685058
66912 67007 -1.5169540277121438
67456 67551 -0.21548473952603134
74208 74271 -0.10428146226690758
74944 75007 -1.1362668562862808
76128 76191 -0.3549952586766001
77600 77695 -0.6092819450762426
79456 79551 -1.3369405609570506
80768 80831 -0.49171683544013517
83360 83423 -0.2811734985041593
84000 84031 -0.5266589453979051
85408 85503 -1.3006487715596802
85920 86015 -0.6573184735848865
